-5.393658481011232020e-01
-5.883997420359075026e-01
-6.374350109034161438e-01
-6.864729557815439920e-01
-7.355154353147272950e-01
-7.845649551127188426e-01
-8.336247606916908914e-01
-8.826989336878163783e-01
-9.317924910720237763e-01
-9.809114870927670982e-01
-1.030063117671022432e+00
-1.079255826968838594e+00
-1.128499415848627674e+00
-1.177805151935940264e+00
-1.227185880992544886e+00
-1.276656139300026416e+00
-1.326232266745973609e+00
-1.375932520295624961e+00
-1.425777187520838041e+00
-1.475788699845943075e+00
-1.494653352145326908e+00
-1.513733534893739519e+00
-1.533052061468911820e+00
-1.552632041877801905e+00
-1.572496699313195245e+00
-1.592669183823353096e+00
-1.613172383729366111e+00
-1.634028735449122305e+00
-1.655260032410472260e+00
-1.676887233759183138e+00
-1.698930273589043471e+00
-1.721407871442169446e+00
-1.744337344846424775e+00
-1.767734424674023197e+00
-1.791613074120280924e+00
-1.815985312114011041e+00
-1.840861041980991208e+00
-1.866247886188922678e+00
-1.892151028006340496e+00
-1.918573060908668637e+00
-1.945513846562189508e+00
-1.972970382210708529e+00
-2.000936678280413439e+00
-2.029403647005732836e+00
-2.058359002862911069e+00
-2.087787175578915910e+00
-2.117669236461014570e+00
-2.147982838767511282e+00
-2.178702172812848836e+00
-2.209797936470986990e+00
-2.241237321710082497e+00
-2.272984017759725806e+00
-2.304998231479599813e+00
-2.337236725466354414e+00
-2.369652874404281739e+00
-2.402196740135829955e+00
-2.434815165900805489e+00
-2.467451890169377826e+00
-2.500047680474171585e+00
-2.532540487632144899e+00
-2.564865620738114416e+00
-2.596955943309864789e+00
-2.628742090970482170e+00
-2.660152711067843789e+00
-3.600895339256635630e+00
-3.613083015294150879e+00
-3.624949807455217332e+00
-3.636472795830516080e+00
-3.647630105783677301e+00
-3.658400900832195379e+00
-3.668765375569090992e+00
-3.678704748664259672e+00
-3.688201255982384463e+00
-3.697238143852359382e+00
-3.705799662521218174e+00
-3.713871059823655063e+00
-3.721438575096286172e+00
-3.728489433363926686e+00
-3.735011839823294544e+00
-3.740994974647694704e+00
-3.746428988134371529e+00
-3.751304996214455123e+00
-3.755615076343555181e+00
-3.759352263789322635e+00
-3.762510548330469717e+00
-3.765084871380012910e+00
-3.767071123543721978e+00
-3.768466142623022819e+00
-3.769267712069855225e+00
-3.769474559899260058e+00
-3.769086358063744147e+00
-3.768103722291725521e+00
-3.766528212390695352e+00
-3.764362333013917983e+00
-3.761609534887884632e+00
-3.758274216495897768e+00
-3.754361726211520534e+00
-3.749878364873836745e+00
-3.744831388794769733e+00
-3.739229013186897266e+00
-3.733080415998514034e+00
-3.726395742140873324e+00
-3.719186108090759557e+00
-3.711463606849770613e+00
-3.703241313239862720e+00
-3.694533289512878405e+00
-3.685354591249963008e+00
-3.675721273524876764e+00
-3.665650397303369168e+00
-3.655160036048864747e+00
-3.644269282502806018e+00
-3.632998255606069371e+00
-3.621368107525899660e+00
-3.609401030750883699e+00
-3.597120265214431623e+00
-3.584550105405297504e+00
-3.571715907421608271e+00
-3.558644095922832484e+00
-3.545362170932093271e+00
-3.531898714439149600e+00
-3.518283396752283299e+00
-3.504546982545266864e+00
-3.490721336543475495e+00
-3.476839428791119957e+00
-3.462935339439459970e+00
-3.449044262993792298e+00
-3.435202511954862814e+00
-3.421447519788322289e+00
-3.407817843153728710e+00
-3.394353163322561429e+00
-3.381094286712677643e+00
-3.368083144464623757e+00
-3.355362790983248633e+00
-3.342977401366125090e+00
-3.330972267638390605e+00
-3.319393793711772123e+00
-3.308289488983794602e+00
-3.297707960491432555e+00
-3.287698903531839356e+00
-3.278313090661216123e+00
-3.269602358981419155e+00
-3.261619595622535339e+00
-3.254418721328384834e+00
-3.248054672050796565e+00
-3.242583378457461141e+00
-3.238061743257321545e+00
-3.234547616246752799e+00
-3.232099766979195099e+00
-3.230777854960598994e+00
-3.230649036880244740e+00
-3.231841469851823856e+00
-3.234438128472228335e+00
-3.238506369186344713e+00
-3.244114274001220544e+00
-3.251330596838925224e+00
-3.260224706277599971e+00
-3.270866524576403478e+00
-3.283326462882433905e+00
-3.297675352520524683e+00
-3.207403948655668913e+00
-3.119698546458784971e+00
-3.034687243439590620e+00
-2.952490527668972575e+00
-2.873220338275516372e+00
-2.796979152212155650e+00
-2.723859102429820656e+00
-2.653941132402877656e+00
-2.587294191716741576e+00
-2.523974477153310136e+00
-2.464024723397218342e+00
-2.407473547138747172e+00
-2.312548915929377280e+00
-2.221531775525568797e+00
-2.134399350243248339e+00
-2.051103516385042624e+00
-1.971570016340348008e+00
-2.033263567615032574e+00
-2.096555346891970650e+00
-2.161371511079376972e+00
-2.227639077297072667e+00
-2.295285956461234900e+00
-2.364240984593986461e+00
-2.434433951910751848e+00
-2.505795629739151487e+00
-2.578257795323881219e+00
-2.651753254572608576e+00
-2.726215862798386347e+00
-2.801580543514446742e+00
-2.877783305337485498e+00
-2.954761257055716683e+00
-3.032452620918038466e+00
-3.110796744200625241e+00
-3.189734109107172699e+00
-3.269206341058795040e+00
-3.349156215429368810e+00
-3.429527662781742592e+00
-3.510265772659844519e+00
-3.591316795991263078e+00
-3.672628146154363282e+00
-3.754148398763399452e+00
-3.835827290224483210e+00
-3.917615715114600050e+00
-3.999465722435112447e+00
-4.081330510790460053e+00
-4.163164422541997922e+00
-4.244922936986001538e+00
-4.326562662604114706e+00
-4.408041328433551342e+00
-4.489317774603487798e+00
-4.570351942083147101e+00
-4.651104861686106595e+00
-4.731538642374431447e+00
-4.811616458905212390e+00
-4.891302538861104665e+00
-4.970562149105501426e+00
-5.049361581701895751e+00
-5.127668139336031494e+00
-5.205450120278390713e+00
-5.282676802923554682e+00
-5.359318429941980710e+00
-5.435346192078655214e+00
-5.510732211632157984e+00
-5.585449525646590807e+00
-5.659472068847865245e+00
-5.732774656354834519e+00
-5.805332966194761468e+00
-5.877123521651683724e+00
-5.948123673475214979e+00
-6.018311581976409919e+00
-6.087666199036383397e+00
-6.156167250052434703e+00
-6.223795215845529860e+00
-6.290531314552118225e+00
-6.356357483522347529e+00
-6.421256361245928801e+00
-6.485211269326016215e+00
-6.548206194520692414e+00
-6.610225770870799877e+00
-6.671255261932094172e+00
-6.731280543128962179e+00
-6.790288084246108191e+00
-6.848264932073997890e+00
-6.905198693223051798e+00
-6.961077517120939362e+00
-7.015890079206641872e+00
-7.069625564334301338e+00
-7.122273650399249867e+00
-7.173824492198009217e+00
-7.224268705533432922e+00
-7.273597351575650904e+00
-7.321801921488856557e+00
-7.368874321333498401e+00
-7.414806857252925099e+00
-7.459592220952985464e+00
-7.503223475482693416e+00
-7.545694041323545598e+00
-7.586997682794684117e+00
-7.627128494780642143e+00
-7.666080889788056574e+00
-7.703849585337294137e+00
-7.740429591694630851e+00
-7.775816199950188690e+00
-7.810004970446611239e+00
-7.842991721563032037e+00
-7.874772518858664583e+00
-7.905343664580002816e+00
-7.934701687535392622e+00
-7.962843333340430263e+00
-7.989765555037423361e+00
-8.015465504091915605e+00
-8.039940521769050719e+00
-8.063188130892319450e+00
-8.085206027987100086e+00
-8.105992075811132125e+00
-8.125544296273966793e+00
-8.143860863747189427e+00
-8.160940098767165196e+00
-8.176780462131766569e+00
-8.191380549392549781e+00
-8.204739085743613103e+00
-8.216854921308296866e+00
-8.227727026824736001e+00
-8.237354489731206542e+00
-8.245736510652085016e+00
-8.252872400285099275e+00
-8.258761576690544004e+00
-8.263403562982967188e+00
-8.266797985425773376e+00
-8.268944571929113252e+00
-8.269843150951366795e+00
-8.269493650804383478e+00
-8.267896099362639362e+00
-8.265050624176360827e+00
-8.260957452988597183e+00
-8.255616914656121352e+00
-8.249029440474028974e+00
-8.241195565903739251e+00
-8.232115932704102690e+00
-8.221791291465185836e+00
-8.210222504544248068e+00
-8.197410549403313595e+00
-8.183356522347686735e+00
-8.168061642664616429e+00
-8.151527257161234274e+00
-8.133754845100813924e+00
-8.114746023536225650e+00
-8.094502553039394144e+00
-8.073026343825409512e+00
-8.050319462269811766e+00
-8.026384137817450082e+00
-8.001222770281103180e+00
-7.974837937527989418e+00
-7.947232403551994118e+00
-7.918409126929399910e+00
-7.888371269655570117e+00
-7.857122206359968608e+00
-7.824665533896573599e+00
-7.791005081306579427e+00
-7.756144920150020106e+00
-7.720089375202685567e+00
-7.682843035514455465e+00
-7.644410765824864562e+00
-7.604797718331449019e+00
-7.564009344806078339e+00
-7.522051409054177462e+00
-7.478929999711391829e+00
-7.434651543371861848e+00
-7.389222818041958796e+00
-7.342650966912875887e+00
-7.294943512445080103e+00
-7.246108370757232464e+00
-7.196153866311678193e+00
-7.145088746888204057e+00
-7.092922198837225523e+00
-7.039663862603100952e+00
-6.985323848507730027e+00
-6.929912752784042951e+00
-6.873441673848462941e+00
-6.869125644816399756e+00
-6.866383113217559675e+00
-6.865462906524917308e+00
-6.866594932291990361e+00
-6.869990252373836093e+00
-6.921008448556709602e+00
-6.871400089179581450e+00
-6.822257369856351339e+00
-6.773579866945105721e+00
-6.725367074560780978e+00
-6.677618406447680677e+00
-6.630333197839788362e+00
-6.583510707308539267e+00
-6.537150118597748083e+00
-6.491250542445341942e+00
-6.445811018391654379e+00
-6.400830516573948969e+00
-6.356307939506947058e+00
-6.312242123849070907e+00
-6.268631842154179346e+00
-6.225475804608546326e+00
-6.182772660752877236e+00
-6.140521001189155115e+00
-6.098719359272109841e+00
-6.057366212785135318e+00
-6.016459985600477900e+00
-5.975999049323528212e+00
-5.935981724921083114e+00
-5.896406284333406411e+00
-5.857270952069995040e+00
-5.818573906788890859e+00
-5.780313282859446566e+00
-5.742487171908458699e+00
-5.705093624349539816e+00
-5.668130650895679246e+00
-5.631596224054899125e+00
-5.595488279608947124e+00
-5.559804718074962793e+00
-5.524543406150091762e+00
-5.489702178138960775e+00
-5.455278837364034850e+00
-5.421271157558791742e+00
-5.387676884243713715e+00
-5.354493736085078837e+00
-5.321719406236556260e+00
-5.289351563663603706e+00
-5.257387854450668030e+00
-5.225825903091233293e+00
-5.194663313760700341e+00
-5.163897671572159176e+00
-5.133526543815072785e+00
-5.103547481176917699e+00
-5.073958018947816839e+00
-5.044755678208239225e+00
-5.015937966999798547e+00
-4.987502381479215430e+00
-4.959446407055525974e+00
-4.931767519510590780e+00
-4.904463186102985262e+00
-4.877530866655344077e+00
-4.850968014625259173e+00
-4.824772078159798916e+00
-4.798940501133752257e+00
-4.773470724171683166e+00
-4.748360185653911714e+00
-4.723606322706492833e+00
-4.699206572175326002e+00
-4.675158371584487327e+00
-4.651459160078903032e+00
-4.628106379351469180e+00
-4.605097474554733950e+00
-4.582429895197270397e+00
-4.560101096024854250e+00
-4.538108537886551552e+00
-4.516449688585884026e+00
-4.495122023717149418e+00
-4.474123027487051374e+00
-4.453450193521771183e+00
-4.433101025659599514e+00
-4.413073038729271147e+00
-4.393363759314123485e+00
-4.373970726502227180e+00
-4.354891492622629201e+00
-4.336123623967815810e+00
-4.317664701502570423e+00
-4.299512321559339156e+00
-4.281664096520260365e+00
-4.264117655485972769e+00
-4.246870644931373562e+00
-4.229920729348444652e+00
-4.213265591876293570e+00
-4.196902934918554706e+00
-4.180830480748274347e+00
-4.165045972100449134e+00
-4.149547172752327207e+00
-4.134331868091628337e+00
-4.119397865672828729e+00
-4.104742995761623270e+00
-4.090365111867744652e+00
-4.076262091266229071e+00
-4.062431835507309685e+00
-4.048872270915046201e+00
-4.035581349074834456e+00
-4.022557047309942568e+00
-4.009797369147181101e+00
-3.997300344771864911e+00
-3.985064031472193680e+00
-3.973086514073163933e+00
-3.961365905360166639e+00
-3.949900346492380976e+00
-3.938688007406099256e+00
-3.927727087208101597e+00
-3.917015814559213993e+00
-3.906552448048161263e+00
-3.896335276555842331e+00
-3.886362619610145064e+00
-3.876632827731417485e+00
-3.867144282768705033e+00
-3.857895398226887540e+00
-3.848884619584795885e+00
-3.840110424604456618e+00
-3.831571323631528081e+00
-3.823265859887083007e+00
-3.815192609750799324e+00
-3.807350183035687508e+00
-3.799737223254440632e+00
-3.792352407877515930e+00
-3.785194448583034443e+00
-3.778262091498593378e+00
-3.771554117435086173e+00
-3.765069342112623119e+00
-3.758806616378620458e+00
-3.752764826418171218e+00
-3.746942893956748399e+00
-3.741339776455345323e+00
-3.735954467298120640e+00
-3.730785995972613289e+00
-3.725833428242616652e+00
-3.721095866313775424e+00
-3.716572448991960265e+00
-3.712262351834503260e+00
-3.708164787294349285e+00
-3.704279004857174762e+00
-3.700604291171540439e+00
-3.697139970172134138e+00
-3.693885403196142558e+00
-3.690839989092812967e+00
-3.688003164326248307e+00
