1.627293436037499987e+03
1.775229202950000172e+03
1.923164969862500129e+03
2.071100736775000314e+03
2.219036503687500499e+03
2.366972270600000684e+03
2.514908037512500869e+03
2.662843804425000599e+03
2.810779571337501238e+03
2.958715338250000968e+03
3.106651105162501608e+03
3.254586872075001338e+03
3.402522638987501978e+03
3.550458405900001708e+03
3.698394172812501893e+03
3.846329939725002077e+03
3.994265706637502262e+03
4.142201473550002447e+03
4.290137240462502632e+03
4.438073007375002817e+03
4.371487534115636663e+03
4.301604088153429984e+03
4.228422669488379142e+03
4.151943278120485957e+03
4.072165914049749063e+03
3.989090577276169824e+03
3.902717267799748697e+03
3.813045985620483407e+03
3.720076730738375318e+03
3.623809503153425339e+03
3.524244302865632562e+03
3.421381129874996077e+03
3.315219984181516793e+03
3.205760865785195620e+03
3.093003774686031193e+03
2.976948710884024422e+03
2.857595674379173943e+03
2.734944665171481574e+03
2.608995683260946407e+03
2.479748728647568441e+03
2.347203801331347222e+03
2.211360901312283204e+03
2.072220028590376842e+03
1.929781183165627453e+03
1.784044365038035039e+03
1.635009574207600281e+03
1.482676810674322496e+03
1.327046074438201686e+03
1.168117365499238076e+03
1.005890683857431895e+03
8.403660295127826885e+02
6.715434024652906828e+02
4.994228027149559352e+02
3.240042302617783321e+02
1.452876851057579302e+02
-3.672683275310526341e+01
-2.220393233148112984e+02
-4.106497865793601250e+02
-6.025582225467517219e+02
-7.977646312169863450e+02
-9.962690125900636531e+02
-1.198071366665983533e+03
-1.403171693444746552e+03
-1.611569992926352143e+03
-1.823266265110800759e+03
-2.038260509998091948e+03
-2.256552727588226389e+03
-2.478142917881203175e+03
-2.703031080877022760e+03
-2.931217216575685597e+03
-3.162701324977190779e+03
-3.140632484436694540e+03
-3.140632484436694540e+03
-3.140632484436694540e+03
-3.140632484436694540e+03
-3.140632484436694540e+03
-3.140632484436694540e+03
-3.140632484436694540e+03
-3.140632484436694540e+03
-3.140632484436694540e+03
-3.140632484436694540e+03
-3.140632484436694540e+03
-3.140632484436694540e+03
-3.140632484436694540e+03
-3.140632484436694540e+03
-3.140632484436694540e+03
-3.140632484436694540e+03
-3.140632484436694540e+03
-3.140632484436694540e+03
-3.140632484436694540e+03
-3.140632484436694540e+03
-3.140632484436694540e+03
-3.140632484436694540e+03
-3.140632484436694540e+03
-3.140632484436694540e+03
-3.140632484436694540e+03
-3.140632484436694540e+03
-3.140632484436694540e+03
-3.140632484436694540e+03
-3.140632484436694540e+03
-3.140632484436694540e+03
-3.140632484436694540e+03
-3.140632484436694540e+03
-3.140632484436694540e+03
-3.140632484436694540e+03
-3.140632484436694540e+03
-3.140632484436694540e+03
-3.140632484436694540e+03
-3.140632484436694540e+03
-3.140632484436694540e+03
-3.140632484436694540e+03
-3.140632484436694540e+03
-3.140632484436694540e+03
-3.140632484436694540e+03
-3.140632484436694540e+03
-3.140632484436694540e+03
-3.140632484436694540e+03
-3.140632484436694540e+03
-3.140632484436694540e+03
-3.140632484436694540e+03
-3.140632484436694540e+03
-3.140632484436694540e+03
-3.140632484436694540e+03
-3.140632484436694540e+03
-3.140632484436694540e+03
-3.140632484436694540e+03
-3.140632484436694540e+03
-3.140632484436694540e+03
-3.140632484436694540e+03
-3.140632484436694540e+03
-3.140632484436694540e+03
-3.140632484436694540e+03
-3.140632484436694540e+03
-3.140632484436694540e+03
-3.140632484436694540e+03
-3.140632484436694540e+03
-3.140632484436694540e+03
-3.140632484436694540e+03
-3.140632484436694540e+03
-3.140632484436694540e+03
-3.140632484436694540e+03
-3.140632484436694540e+03
-3.140632484436694540e+03
-3.140632484436694540e+03
-3.140632484436694540e+03
-3.140632484436694540e+03
-2.848250221476285788e+03
-2.555867958515877035e+03
-2.263485695555468283e+03
-1.971103432595059530e+03
-1.678721169634650778e+03
-1.386338906674242025e+03
-1.093956643713833273e+03
-8.015743807534245207e+02
-5.091921177930157683e+02
-2.168098548326069306e+02
7.557240812780187866e+01
6.603369340486194687e+02
1.245101459969437201e+03
1.245101459969437201e+03
1.245101459969437201e+03
1.245101459969437201e+03
1.245101459969437201e+03
1.245101459969437201e+03
1.245101459969437201e+03
1.245101459969437201e+03
1.245101459969437201e+03
1.245101459969437201e+03
1.245101459969437201e+03
1.245101459969437201e+03
1.245101459969437201e+03
1.245101459969437201e+03
1.245101459969437201e+03
1.245101459969437201e+03
1.245101459969437201e+03
1.245101459969437201e+03
1.245101459969437201e+03
1.245101459969437201e+03
1.245101459969437201e+03
1.245101459969437201e+03
1.245101459969437201e+03
1.245101459969437201e+03
1.245101459969437201e+03
1.245101459969437201e+03
1.245101459969437201e+03
1.245101459969437201e+03
1.245101459969437201e+03
1.245101459969437201e+03
1.245101459969437201e+03
1.245101459969437201e+03
1.245101459969437201e+03
1.245101459969437201e+03
1.245101459969437201e+03
1.245101459969437201e+03
1.245101459969437201e+03
1.245101459969437201e+03
1.245101459969437201e+03
1.245101459969437201e+03
1.245101459969437201e+03
1.245101459969437201e+03
1.245101459969437201e+03
1.245101459969437201e+03
1.245101459969437201e+03
1.245101459969437201e+03
1.245101459969437201e+03
1.245101459969437201e+03
1.245101459969437201e+03
1.245101459969437201e+03
1.245101459969437201e+03
1.245101459969437201e+03
1.245101459969437201e+03
1.245101459969437201e+03
1.245101459969437201e+03
1.245101459969437201e+03
1.245101459969437201e+03
1.245101459969437201e+03
1.245101459969437201e+03
1.245101459969437201e+03
1.245101459969437201e+03
1.245101459969437201e+03
1.245101459969437201e+03
1.245101459969437201e+03
1.245101459969437201e+03
1.245101459969437201e+03
1.245101459969437201e+03
1.245101459969437201e+03
1.245101459969437201e+03
1.245101459969437201e+03
1.245101459969437201e+03
1.245101459969437201e+03
1.245101459969437201e+03
1.245101459969437201e+03
1.245101459969437201e+03
1.245101459969437201e+03
1.245101459969437201e+03
1.245101459969437201e+03
1.245101459969437201e+03
1.245101459969437201e+03
1.245101459969437201e+03
1.245101459969437201e+03
1.245101459969437201e+03
1.245101459969437201e+03
1.245101459969437201e+03
1.245101459969437201e+03
1.245101459969437201e+03
1.245101459969437201e+03
1.245101459969437201e+03
1.245101459969437201e+03
1.245101459969437201e+03
1.245101459969437201e+03
1.245101459969437201e+03
1.245101459969437201e+03
1.245101459969437201e+03
1.245101459969437201e+03
1.245101459969437201e+03
1.245101459969437201e+03
1.245101459969437201e+03
1.245101459969437201e+03
6.603369340486195824e+02
7.557240812780193551e+01
