2.204792344562499693e+03
2.405228012250000120e+03
2.605663679937500547e+03
2.806099347625000519e+03
3.006535015312500946e+03
3.206970683000000918e+03
3.407406350687501345e+03
3.607842018375001317e+03
3.808277686062501289e+03
4.008713353750001716e+03
4.209149021437501688e+03
4.409584689125002114e+03
4.610020356812502541e+03
4.810456024500002968e+03
5.010891692187502485e+03
5.211327359875002912e+03
5.411763027562502430e+03
5.612198695250003766e+03
5.812634362937504193e+03
6.013070030625003710e+03
5.894662820758207090e+03
5.769896315848684026e+03
5.638770515896433608e+03
5.501285420901455836e+03
5.357441030863750711e+03
5.207237345783319142e+03
5.050674365660161129e+03
4.887752090494274853e+03
4.718470520285662133e+03
4.542829655034322059e+03
4.360829494740255541e+03
4.172470039403461669e+03
3.977751289023940444e+03
3.776673243601693230e+03
3.569235903136718662e+03
3.355439267629017195e+03
3.135283337078588829e+03
2.908768111485434019e+03
2.675893590849552311e+03
2.436659775170942794e+03
2.191066664449606378e+03
1.939114258685543746e+03
1.680802557878753760e+03
1.416131562029237102e+03
1.145101271136993091e+03
8.677116852020222950e+02
5.839628042243244863e+02
2.938546282038995514e+02
-2.612842859252172634e+00
-3.054396089651309012e+02
-6.146256701137365326e+02
-9.301710263050692902e+02
-1.252075677539128719e+03
-1.580339623815915274e+03
-1.914962865135428729e+03
-2.255945401497669081e+03
-2.603287232902636333e+03
-2.956988359350330484e+03
-3.317048780840751988e+03
-3.683468497373900391e+03
-4.056247508949775238e+03
-4.435385815568377438e+03
-4.820883417229706538e+03
-5.212740313933763900e+03
-5.188254845222188123e+03
-5.188254845222188123e+03
-5.188254845222188123e+03
-5.188254845222188123e+03
-5.188254845222188123e+03
-5.188254845222188123e+03
-5.188254845222188123e+03
-5.188254845222188123e+03
-5.188254845222188123e+03
-5.188254845222188123e+03
-5.188254845222188123e+03
-5.188254845222188123e+03
-5.188254845222188123e+03
-5.188254845222188123e+03
-5.188254845222188123e+03
-5.188254845222188123e+03
-5.188254845222188123e+03
-5.188254845222188123e+03
-5.188254845222188123e+03
-5.188254845222188123e+03
-5.188254845222188123e+03
-5.188254845222188123e+03
-5.188254845222188123e+03
-5.188254845222188123e+03
-5.188254845222188123e+03
-5.188254845222188123e+03
-5.188254845222188123e+03
-5.188254845222188123e+03
-5.188254845222188123e+03
-5.188254845222188123e+03
-5.188254845222188123e+03
-5.188254845222188123e+03
-5.188254845222188123e+03
-5.188254845222188123e+03
-5.188254845222188123e+03
-5.188254845222188123e+03
-5.188254845222188123e+03
-5.188254845222188123e+03
-5.188254845222188123e+03
-5.188254845222188123e+03
-5.188254845222188123e+03
-5.188254845222188123e+03
-5.188254845222188123e+03
-5.188254845222188123e+03
-5.188254845222188123e+03
-5.188254845222188123e+03
-5.188254845222188123e+03
-5.188254845222188123e+03
-5.188254845222188123e+03
-5.188254845222188123e+03
-5.188254845222188123e+03
-5.188254845222188123e+03
-5.188254845222188123e+03
-5.188254845222188123e+03
-5.188254845222188123e+03
-5.188254845222188123e+03
-5.188254845222188123e+03
-5.188254845222188123e+03
-5.188254845222188123e+03
-5.188254845222188123e+03
-5.188254845222188123e+03
-5.188254845222188123e+03
-5.188254845222188123e+03
-5.188254845222188123e+03
-5.188254845222188123e+03
-5.188254845222188123e+03
-5.188254845222188123e+03
-5.188254845222188123e+03
-5.188254845222188123e+03
-5.188254845222188123e+03
-5.188254845222188123e+03
-5.188254845222188123e+03
-5.188254845222188123e+03
-5.188254845222188123e+03
-5.188254845222188123e+03
-5.188254845222188123e+03
-5.188254845222188123e+03
-5.188254845222188123e+03
-5.188254845222188123e+03
-5.188254845222188123e+03
-5.188254845222188123e+03
-5.188254845222188123e+03
-5.188254845222188123e+03
-5.188254845222188123e+03
-5.188254845222188123e+03
-5.188254845222188123e+03
-5.188254845222188123e+03
-5.188254845222188123e+03
-5.188254845222188123e+03
-5.188254845222188123e+03
-5.188254845222188123e+03
-5.188254845222188123e+03
-5.188254845222188123e+03
-5.188254845222188123e+03
-5.188254845222188123e+03
-4.747114520020548298e+03
-4.305974194818908472e+03
-3.864833869617269102e+03
-3.423693544415629731e+03
-2.982553219213990815e+03
-2.541412894012351444e+03
-2.100272568810712073e+03
-1.659132243609072702e+03
-1.217991918407433332e+03
-7.768515932057939608e+02
-3.357112680041546469e+02
1.054290571974846671e+02
7.292956880073207913e+02
1.353162318817157029e+03
1.977028949626993153e+03
2.600895580436829277e+03
3.224762211246665174e+03
3.224762211246665174e+03
3.224762211246665174e+03
3.224762211246665174e+03
3.224762211246665174e+03
3.224762211246665174e+03
3.224762211246665174e+03
3.224762211246665174e+03
3.224762211246665174e+03
3.224762211246665174e+03
3.224762211246665174e+03
3.224762211246665174e+03
3.224762211246665174e+03
3.224762211246665174e+03
3.224762211246665174e+03
3.224762211246665174e+03
3.224762211246665174e+03
3.224762211246665174e+03
3.224762211246665174e+03
3.224762211246665174e+03
3.224762211246665174e+03
3.224762211246665174e+03
3.224762211246665174e+03
3.224762211246665174e+03
3.224762211246665174e+03
3.224762211246665174e+03
3.224762211246665174e+03
3.224762211246665174e+03
3.224762211246665174e+03
3.224762211246665174e+03
3.224762211246665174e+03
3.224762211246665174e+03
3.224762211246665174e+03
3.224762211246665174e+03
3.224762211246665174e+03
3.224762211246665174e+03
3.224762211246665174e+03
3.224762211246665174e+03
3.224762211246665174e+03
3.224762211246665174e+03
3.224762211246665174e+03
3.224762211246665174e+03
3.224762211246665174e+03
3.224762211246665174e+03
3.224762211246665174e+03
3.224762211246665174e+03
3.224762211246665174e+03
3.224762211246665174e+03
3.224762211246665174e+03
3.224762211246665174e+03
3.224762211246665174e+03
3.224762211246665174e+03
3.224762211246665174e+03
3.224762211246665174e+03
3.224762211246665174e+03
3.224762211246665174e+03
3.224762211246665174e+03
3.224762211246665174e+03
3.224762211246665174e+03
3.224762211246665174e+03
3.224762211246665174e+03
3.224762211246665174e+03
3.224762211246665174e+03
3.224762211246665174e+03
3.224762211246665174e+03
3.224762211246665174e+03
3.224762211246665174e+03
3.224762211246665174e+03
3.224762211246665174e+03
3.224762211246665174e+03
3.224762211246665174e+03
3.224762211246665174e+03
3.224762211246665174e+03
3.224762211246665174e+03
3.224762211246665174e+03
3.224762211246665174e+03
3.224762211246665174e+03
3.224762211246665174e+03
3.224762211246665174e+03
3.224762211246665174e+03
3.224762211246665174e+03
3.224762211246665174e+03
3.224762211246665174e+03
3.224762211246665174e+03
3.224762211246665174e+03
3.224762211246665174e+03
3.224762211246665174e+03
3.224762211246665174e+03
3.224762211246665174e+03
3.224762211246665174e+03
3.224762211246665174e+03
3.224762211246665174e+03
3.224762211246665174e+03
3.224762211246665174e+03
3.224762211246665174e+03
3.224762211246665174e+03
3.224762211246665174e+03
3.224762211246665174e+03
3.224762211246665174e+03
3.224762211246665174e+03
3.224762211246665174e+03
3.224762211246665174e+03
3.224762211246665174e+03
3.224762211246665174e+03
3.224762211246665174e+03
3.224762211246665174e+03
3.224762211246665174e+03
3.224762211246665174e+03
3.224762211246665174e+03
3.224762211246665174e+03
3.224762211246665174e+03
3.224762211246665174e+03
3.224762211246665174e+03
3.224762211246665174e+03
3.224762211246665174e+03
3.224762211246665174e+03
3.224762211246665174e+03
3.224762211246665174e+03
3.224762211246665174e+03
3.224762211246665174e+03
3.224762211246665174e+03
3.224762211246665174e+03
3.224762211246665174e+03
3.224762211246665174e+03
3.224762211246665174e+03
3.224762211246665174e+03
3.224762211246665174e+03
3.224762211246665174e+03
3.224762211246665174e+03
3.224762211246665174e+03
3.224762211246665174e+03
3.224762211246665174e+03
3.224762211246665174e+03
3.224762211246665174e+03
3.224762211246665174e+03
3.224762211246665174e+03
3.224762211246665174e+03
3.224762211246665174e+03
3.224762211246665174e+03
3.224762211246665174e+03
3.224762211246665174e+03
3.224762211246665174e+03
3.224762211246665174e+03
3.224762211246665174e+03
3.224762211246665174e+03
3.224762211246665174e+03
3.224762211246665174e+03
3.224762211246665174e+03
3.224762211246665174e+03
3.224762211246665174e+03
3.224762211246665174e+03
3.224762211246665174e+03
3.224762211246665174e+03
3.224762211246665174e+03
3.224762211246665174e+03
3.224762211246665174e+03
3.224762211246665174e+03
3.224762211246665174e+03
3.224762211246665174e+03
3.224762211246665174e+03
3.224762211246665174e+03
3.224762211246665174e+03
3.224762211246665174e+03
2.600895580436829277e+03
1.977028949626993153e+03
1.353162318817157029e+03
7.292956880073207913e+02
1.054290571974846671e+02
-1.002178338437500202e+03
-1.002178338437500202e+03
-1.002178338437500202e+03
-1.002178338437500202e+03
-1.002178338437500202e+03
-1.002178338437500202e+03
-1.002178338437500202e+03
-1.002178338437500202e+03
-1.002178338437500202e+03
-1.002178338437500202e+03
-1.002178338437500202e+03
-1.002178338437500202e+03
-1.002178338437500202e+03
-1.002178338437500202e+03
-1.002178338437500202e+03
-1.002178338437500202e+03
-1.002178338437500202e+03
-1.002178338437500202e+03
-1.002178338437500202e+03
-1.002178338437500202e+03
-1.002178338437500202e+03
-1.002178338437500202e+03
-1.002178338437500202e+03
-1.002178338437500202e+03
-1.002178338437500202e+03
-1.002178338437500202e+03
-1.002178338437500202e+03
-1.002178338437500202e+03
-1.002178338437500202e+03
-1.002178338437500202e+03
-1.002178338437500202e+03
-1.002178338437500202e+03
-1.002178338437500202e+03
-1.002178338437500202e+03
-1.002178338437500202e+03
-1.002178338437500202e+03
-1.002178338437500202e+03
-1.002178338437500202e+03
-1.002178338437500202e+03
-1.002178338437500202e+03
-1.002178338437500202e+03
-1.002178338437500202e+03
-1.002178338437500202e+03
-1.002178338437500202e+03
-1.002178338437500202e+03
-1.002178338437500202e+03
-1.002178338437500202e+03
-1.002178338437500202e+03
-1.002178338437500202e+03
-1.002178338437500202e+03
-1.002178338437500202e+03
-1.002178338437500202e+03
-1.002178338437500202e+03
-1.002178338437500202e+03
-1.002178338437500202e+03
-1.002178338437500202e+03
-1.002178338437500202e+03
-1.002178338437500202e+03
-1.002178338437500202e+03
-1.002178338437500202e+03
-1.002178338437500202e+03
-1.002178338437500202e+03
-1.002178338437500202e+03
-1.002178338437500202e+03
-1.002178338437500202e+03
-1.002178338437500202e+03
-1.002178338437500202e+03
-1.002178338437500202e+03
-1.002178338437500202e+03
-1.002178338437500202e+03
-1.002178338437500202e+03
-1.002178338437500202e+03
-1.002178338437500202e+03
-1.002178338437500202e+03
-1.002178338437500202e+03
-1.002178338437500202e+03
-1.002178338437500202e+03
-1.002178338437500202e+03
-1.002178338437500202e+03
-1.002178338437500202e+03
-1.002178338437500202e+03
-1.002178338437500202e+03
-1.002178338437500202e+03
-1.002178338437500202e+03
-1.002178338437500202e+03
-1.002178338437500202e+03
-1.002178338437500202e+03
-1.002178338437500202e+03
-1.002178338437500202e+03
-1.002178338437500202e+03
-1.002178338437500202e+03
-1.002178338437500202e+03
-1.002178338437500202e+03
-1.002178338437500202e+03
-1.002178338437500202e+03
-1.002178338437500202e+03
-1.002178338437500202e+03
-1.002178338437500202e+03
-1.002178338437500202e+03
-1.002178338437500202e+03
-1.002178338437500202e+03
-1.002178338437500202e+03
-1.002178338437500202e+03
-1.002178338437500202e+03
-1.002178338437500202e+03
-1.002178338437500202e+03
-1.002178338437500202e+03
-1.002178338437500202e+03
-1.002178338437500202e+03
-1.002178338437500202e+03
-1.002178338437500202e+03
-1.002178338437500202e+03
-1.002178338437500202e+03
-1.002178338437500202e+03
-1.002178338437500202e+03
-1.002178338437500202e+03
-1.002178338437500202e+03
-1.002178338437500202e+03
-1.002178338437500202e+03
-1.002178338437500202e+03
-1.002178338437500202e+03
-1.002178338437500202e+03
-1.002178338437500202e+03
-1.002178338437500202e+03
-1.002178338437500202e+03
-1.002178338437500202e+03
-1.002178338437500202e+03
-1.002178338437500202e+03
-1.002178338437500202e+03
-1.002178338437500202e+03
-1.002178338437500202e+03
-1.002178338437500202e+03
-1.002178338437500202e+03
-1.002178338437500202e+03
-1.002178338437500202e+03
-1.002178338437500202e+03
-1.002178338437500202e+03
-1.002178338437500202e+03
-1.002178338437500202e+03
-1.002178338437500202e+03
-1.002178338437500202e+03
-1.002178338437500202e+03
-1.002178338437500202e+03
